SL01T  .0666972  -85.9922  0
SL02T  .0572846  5.23349   0
SL03T  .0561706  21.5857   0
SL04T  .0553018  25.2      0
SL05T  .0600673  8.13029   0
SL06T  .0660779  49.4415   0
SL07T  .058051   70.4399   0
SL08T  .0595918  9.98954   0
SL09T  .0559894  60.683    0
SL10T  .0562905  36.9932   0
SL11T  .0542819  23.4902   0
SL12T  .0578111  9.5977    0
NL01T  .0389307  150.001   0
NL02T  .0676604 -92.6077   0
NL03T  0.0563974 83.9385   0
NL04T  0.0664128 -59.0306  0
SL01B  .0600682  46.0183  0
SL02B  .0510811  104.53  0
SL03B  .0584669  -20.6588  0
SL04B  .062165  14.1373  0
SL05B  .0521040  114.948  0
SL06B  .0582862  21.5573  0
SL07B  .0679538  -67.9053  0
SL08B  .0617397  21.1935  0
SL09B  .0601377  11.2859  0
SL10B  .0576915  70.085  0
SL11B  .058926  1.26175  0
SL12B  .0573496  -34.8811  0
NL01B  .0635333 -40.8663  0
NL02B  .0472104 114.714  0
NL03B  .0619296 -32.2301  0
NL04B  .0573708  19.2394  0
NL05T  0.0572967  21.5026  0
NL06T  0.0477713  58.7084  0
NL07T  0.0629205 -152.963  0
NL08T  0.0558723  43.0152  0
NL09T  0.064668  -100.503  0
NL10T  0.0650551  -39.0074  0
NL11T  0.0614678  -44.9955  0
NL12T  0.0481063  76.5537  0
SV01T  .050558   58.1636  0
SV02T  .0668634  -84.1873  0
SV03T  .0726748  -1168.142  0
SV04T  .0622332  -11.9305  0
SV05T  .0551439  94.9311  0
SV06T  .0421811  128.805  0
SV07T  .0569368  59.0379  0
SV08T  .060893   -64.282  0
NL05B  .0477209 109.560  0
NL06B  .0612286 -36.1887  0
NL07B  0.057585 -4.02227  0
NL08B  .0485381  83.7256  0
NL09B  .0499547  111.888  0
NL10B  .0593793  19.5549  0
NL11B  .0610926  19.8466  0
NL12B  .0626566  -31.1733  0
SV01B  .050558   58.1636  0
SV02B  .0668634  -84.1873  0
SV03B  .0433068  75.3864  0
SV04B  .0682137  -73.978  0
SV05B  .0452718  136.295  0
SV06B  .046628   42.5918  0
SV07B  .0602814  16.5305  0
SV08B  .0503871  29.549  0
SV09T  .0338613  184.35  0
SV10T  .0553329  45.9268  0
SV11T  .0443857  122.83  0
SV12T  .058228   28.0249  0
NV01T  .0450379  47.9963  0
NV02T  .0538757  -14.7584  0
NV03T  .0451021  37.5207  0
NV04T  .0564609  19.1052  0
NV05T  .0567355  24.2207  0
NV06T  .0479559  115.19  0
NV07T  .0492193  43.2471  0
NV08T  .0486997  10.9248  0
NV09T  .0930055  -482.552  0
NV10T  .038995   157.912  0
NV11T  .0508133  20.803  0
NV12T  .06328    -29.4826  0
SV09B  .032767   182.863  0
SV10B  .0611778  -41.2392  0
SV11B  .0556043  -71.1972  0
SV12B  .0498052  46.1693  0
NV01B  .0692521  -249.049  0
NV02B  .0469703  115.788  0
NV03B  .0606294  -8.02163  0
NV04B  .0405505  94.6884  0
NV05B  .0551512  -100.208  0
NV06B  .0484343  76.4707  0
NV07B  .0623351  -35.9388  0
NV08B  .0516811  10.3125  0
NV09B  .047911   40.606  0
NV10B  .0488918  43.222  0
NV11B  .050614   -56.6472  0
NV12B  .0728761  -189.287  0
