SL01T  1  0   4.625
SL01B  1  0   4.614
SL02T  1  0   2.384
SL02B  1  0   3.462
SL03T  1  0   5.795
SL03B  1  0   5.736
SL04T  1  0   4.899
SL04B  1  0   4.892
SL05T  1  0   4.639
SL05B  1  0   4.878
SL06T  1  0   2.546
SL06B  1  0   3.821
SL07T  1  0   4.481
SL07B  1  0   5.343
SL08T  1  0   4.853
SL08B  1  0   5.463
SL09T  1  0   3.575
SL09B  1  0   3.817
SL10T  1  0   4.568
SL10B  1  0   4.505
SL11T  1  0   4.783
SL11B  1  0   3.713
SL12T  1  0   4.646
SL12B  1  0   4.724
NL01T  1  0   4.071
NL01B  1  0   4.568
NL02T  1  0   3.577
NL02B  1  0   4.979
NL03T  1  0   5.767
NL03B  1  0   5.531
NL04T  1  0   4.878
NL04B  1  0   4.829
NL05T  1  0   3.230
NL05B  1  0   4.395
NL06T  1  0   3.095
NL06B  1  0   5.406
NL07T  1  0   4.113
NL07B  1  0   4.227
NL08T  1  0   3.281
NL08B  1  0   4.491
NL09T  1  0   3.736
NL09B  1  0   5.220
NL10T  1  0   2.840
NL10B  1  0   3.742
NL11T  1  0   3.913
NL11B  1  0   7.571
NL12T  1  0   4.115
NL12B  1  0   6.371
SV01T  1  0  -1.050
SV01B  1  0  -3.516
SV02T  1  0   0.119
SV02B  1  0  -1.176
SV03T  1  0  -0.728
SV03B  1  0  -1.363
SV04T  1  0  -1.409
SV04B  1  0  -1.413
SV05T  1  0  -1.165
SV05B  1  0  -1.753
SV06T  1  0  -0.101
SV06B  1  0  -0.396
SV07T  1  0  -0.072
SV07B  1  0  -0.154
SV08T  1  0   0.029
SV08B  1  0  -2.235
SV09T  1  0  -1.485
SV09B  1  0  -1.346
SV10T  1  0  -0.065
SV10B  1  0  -2.043
SV11T  1  0   0.921
SV11B  1  0  -1.714
SV12T  1  0   0.187
SV12B  1  0  -1.389
NV01T  1  0  -0.404
NV01B  1  0  -2.444
NV02T  1  0   0.103
NV02B  1  0  -2.647
NV03T  1  0  -0.718
NV03B  1  0  -0.978
NV04T  1  0   0.197
NV04B  1  0  -1.825
NV05T  1  0   0.260
NV05B  1  0  -2.909
NV06T  1  0  -1.964
NV06B  1  0  -1.995
NV07T  1  0   0.077
NV07B  1  0  -1.781
NV08T  1  0   0.037
NV08B  1  0  -1.883
NV09T  1  0   0.031
NV09B  1  0  -3.004
NV10T  1  0  -1.320
NV10B  1  0  -2.316
NV11T  1  0   0.750
NV11B  1  0  -2.945
NV12T  1  0   0.106
NV12B  1  0  -3.127
