SL01T  1  0  4.8044
SL01B  1  0  2.6152
SL02T  1  0  2.3767
SL02B  1  0  1.3897
SL03T  1  0  5.8104
SL03B  1  0  3.7723
SL04T  1  0  4.8815
SL04B  1  0  2.9332
SL05T  1  0  4.6247
SL05B  1  0  2.8602
SL06T  1  0  2.5459
SL06B  1  0  1.8369
SL07T  1  0  4.4977
SL07B  1  0  3.3456
SL08T  1  0  4.8631
SL08B  1  0  3.4448
SL09T  1  0  3.5831
SL09B  1  0  3.8289
SL10T  1  0  4.5830
SL10B  1  0  2.5029
SL11T  1  0  4.7395
SL11B  1  0  1.6200
SL12T  1  0  4.5617
SL12B  1  0  4.6503
NL01T  1  0  4.0600
NL01B  1  0  4.5598
NL02T  1  0  5.5635
NL02B  1  0  4.9923
NL03T  1  0  5.7774
NL03B  1  0  5.5773
NL04T  1  0  4.8653
NL04B  1  0  4.8596
NL05T  1  0  5.1811
NL05B  1  0  4.4007
NL06T  1  0  3.1206
NL06B  1  0  5.4261
NL07T  1  0  4.0604
NL07B  1  0  4.1641
NL08T  1  0  5.2190
NL08B  1  0  4.4595
NL09T  1  0  3.7135
NL09B  1  0  5.2094
NL10T  1  0  4.8014
NL10B  1  0  3.7494
NL11T  1  0  3.8940
NL11B  1  0  7.5850
NL12T  1  0  4.1141
NL12B  1  0  6.3613
SV01T  1  0  -1.1799
SV01B  1  0  -3.5244
SV02T  1  0  0.1549
SV02B  1  0  -1.0331
SV03T  1  0  -0.7557
SV03B  1  0  -1.3469
SV04T  1  0  -1.3640
SV04B  1  0  -1.5326
SV05T  1  0  -1.2136
SV05B  1  0  -1.8727
SV06T  1  0  -0.0763
SV06B  1  0  -0.4354
SV07T  1  0  -0.0600
SV07B  1  0  -0.1660
SV08T  1  0  -0.0396
SV08B  1  0  -2.2362
SV09T  1  0  -1.4389
SV09B  1  0  -1.3613
SV10T  1  0  -0.0434
SV10B  1  0  -2.0803
SV11T  1  0  0.9126
SV11B  1  0  -1.7008
SV12T  1  0  0.1637
SV12B  1  0  -1.2422
NV01T  1  0  -0.3480
NV01B  1  0  -2.5629
NV02T  1  0  0.0779
NV02B  1  0  -2.5184
NV03T  1  0  -0.6882
NV03B  1  0  -0.9611
NV04T  1  0  0.1666
NV04B  1  0  -1.8009
NV05T  1  0  0.2128
NV05B  1  0  -0.8868
NV06T  1  0  -1.9167
NV06B  1  0  -2.0115
NV07T  1  0  0.1433
NV07B  1  0  -1.6953
NV08T  1  0  -0.0359
NV08B  1  0  0.1885
NV09T  1  0  0.1011
NV09B  1  0  -0.9732
NV10T  1  0  -1.4951
NV10B  1  0  -0.7929
NV11T  1  0  0.8974
NV11B  1  0  -2.8830
NV12T  1  0  0.1029
NV12B  1  0  -1.0957
