SL01T  1  0  2.6483
SL01B  1  0  2.6661
SL02T  1  0  2.3820
SL02B  1  0  3.3871
SL03T  1  0  3.7930
SL03B  1  0  3.6940
SL04T  1  0  2.8900
SL04B  1  0  2.9014
SL05T  1  0  2.6531
SL05B  1  0  2.9063
SL06T  1  0  2.5587
SL06B  1  0  3.8682
SL07T  1  0  2.5219
SL07B  1  0  3.3150
SL08T  1  0  2.8432
SL08B  1  0  3.4607
SL09T  1  0  3.5796
SL09B  1  0  3.8476
SL10T  1  0  2.5549
SL10B  1  0  2.4696
SL11T  1  0  4.7191
SL11B  1  0  3.6271
SL12T  1  0  4.6612
SL12B  1  0  4.6703
NL01T  1  0  4.0543
NL01B  1  0  4.5313
NL02T  1  0  3.5924
NL02B  1  0  3.0194
NL03T  1  0  5.7198
NL03B  1  0  5.5868
NL04T  1  0  4.9009
NL04B  1  0  4.8458
NL05T  1  0  3.2009
NL05B  1  0  4.3894
NL06T  1  0  3.0419
NL06B  1  0  3.4558
NL07T  1  0  4.0868
NL07B  1  0  4.1987
NL08T  1  0  3.2804
NL08B  1  0  4.4724
NL09T  1  0  3.7463
NL09B  1  0  3.2066
NL10T  1  0  2.8449
NL10B  1  0  3.8347
NL11T  1  0  3.8767
NL11B  1  0  5.5862
NL12T  1  0  4.1406
NL12B  1  0  4.2637
SV01T  1  0  -3.1307
SV01B  1  0  -1.4549
SV02T  1  0  0.0306
SV02B  1  0  -1.0458
SV03T  1  0  -0.7670
SV03B  1  0  -1.3675
SV04T  1  0  -1.4227
SV04B  1  0  -1.3654
SV05T  1  0  -3.1627
SV05B  1  0  0.2337
SV06T  1  0  -0.1193
SV06B  1  0  -0.3999
SV07T  1  0  0.0023
SV07B  1  0  -0.2029
SV08T  1  0  -1.8904
SV08B  1  0  -0.2410
SV09T  1  0  -1.4728
SV09B  1  0  -1.3656
SV10T  1  0  -2.0880
SV10B  1  0  -0.0202
SV11T  1  0  -1.1522
SV11B  1  0  0.2560
SV12T  1  0  -1.8251
SV12B  1  0  -1.3870
NV01T  1  0  -0.4164
NV01B  1  0  -2.5031
NV02T  1  0  -1.9309
NV02B  1  0  -2.5652
NV03T  1  0  -0.6922
NV03B  1  0  -2.9618
NV04T  1  0  0.2268
NV04B  1  0  -1.7545
NV05T  1  0  -1.7135
NV05B  1  0  -2.9053
NV06T  1  0  -1.9721
NV06B  1  0  -4.0726
NV07T  1  0  -1.9511
NV07B  1  0  -1.8319
NV08T  1  0  -1.9752
NV08B  1  0  -1.8569
NV09T  1  0  -2.1043
NV09B  1  0  -2.9565
NV10T  1  0  -1.5806
NV10B  1  0  -4.2505
NV11T  1  0  -0.5239
NV11B  1  0  -3.7105
NV12T  1  0  -1.8219
NV12B  1  0  -3.1119
