SL01T  1  0   4.647
SL01B  1  0   4.607
SL02T  1  0   2.398
SL02B  1  0   3.419
SL03T  1  0   5.792
SL03B  1  0   5.730
SL04T  1  0   4.899
SL04B  1  0   4.885
SL05T  1  0   4.634
SL05B  1  0   4.895
SL06T  1  0   2.546
SL06B  1  0   3.846
SL07T  1  0   4.484
SL07B  1  0   5.325
SL08T  1  0   4.848
SL08B  1  0   5.469
SL09T  1  0   3.569
SL09B  1  0   3.821
SL10T  1  0   4.565
SL10B  1  0   4.485
SL11T  1  0   4.766
SL11B  1  0   3.732
SL12T  1  0   4.670
SL12B  1  0   4.733
NL01T  1  0   4.071
NL01B  1  0   4.562
NL02T  1  0   3.594
NL02B  1  0   5.000
NL03T  1  0   5.761
NL03B  1  0   5.544
NL04T  1  0   4.885
NL04B  1  0   4.865
NL05T  1  0   5.214
NL05B  1  0   4.387
NL06T  1  0   3.093
NL06B  1  0   5.431
NL07T  1  0   4.084
NL07B  1  0   4.211
NL08T  1  0   5.263
NL08B  1  0   4.490
NL09T  1  0   3.729
NL09B  1  0   5.217
NL10T  1  0   4.876
NL10B  1  0   3.757
NL11T  1  0   3.900
NL11B  1  0   7.599
NL12T  1  0   4.120
NL12B  1  0   6.323
SV01T  1  0  -1.167
SV01B  1  0  -3.484
SV02T  1  0   0.080
SV02B  1  0  -1.111
SV03T  1  0  -0.747
SV03B  1  0  -1.347
SV04T  1  0  -1.433
SV04B  1  0  -1.399
SV05T  1  0  -1.179
SV05B  1  0  -1.768
SV06T  1  0  -0.089
SV06B  1  0  -0.431
SV07T  1  0  -0.088
SV07B  1  0  -0.172
SV08T  1  0   0.076
SV08B  1  0  -2.237
SV09T  1  0  -1.457
SV09B  1  0  -1.329
SV10T  1  0  -0.072
SV10B  1  0  -2.021
SV11T  1  0   0.944
SV11B  1  0  -1.752
SV12T  1  0   0.176
SV12B  1  0  -1.398
NV01T  1  0  -0.354
NV01B  1  0  -2.548
NV02T  1  0   0.110
NV02B  1  0  -2.660
NV03T  1  0  -0.706
NV03B  1  0  -0.953
NV04T  1  0   0.184
NV04B  1  0  -1.740
NV05T  1  0   0.253
NV05B  1  0  -2.936
NV06T  1  0  -1.976
NV06B  1  0  -2.035
NV07T  1  0   0.075
NV07B  1  0  -1.776
NV08T  1  0   0.053
NV08B  1  0  -1.872
NV09T  1  0   0.020
NV09B  1  0  -2.974
NV10T  1  0  -1.415
NV10B  1  0  -2.249
NV11T  1  0   0.737
NV11B  1  0  -2.933
NV12T  1  0   0.104
NV12B  1  0  -3.147
