SL01T  1  0  2.6232
SL01B  1  0  2.6333
SL02T  1  0  2.3810
SL02B  1  0  3.4412
SL03T  1  0  3.8049
SL03B  1  0  3.7213
SL04T  1  0  2.8895
SL04B  1  0  2.8917
SL05T  1  0  2.6362
SL05B  1  0  2.9050
SL06T  1  0  2.5534
SL06B  1  0  3.8409
SL07T  1  0  2.4864
SL07B  1  0  3.3315
SL08T  1  0  2.8385
SL08B  1  0  3.4649
SL09T  1  0  3.5741
SL09B  1  0  3.8280
SL10T  1  0  2.5798
SL10B  1  0  2.5303
SL11T  1  0  4.7991
SL11B  1  0  3.7024
SL12T  1  0  4.6552
SL12B  1  0  4.7186
NL01T  1  0  4.0617
NL01B  1  0  4.5624
NL02T  1  0  3.6045
NL02B  1  0  2.9829
NL03T  1  0  3.7655
NL03B  1  0  5.5413
NL04T  1  0  4.8911
NL04B  1  0  4.8364
NL05T  1  0  3.2060
NL05B  1  0  4.3932
NL06T  1  0  1.0549
NL06B  1  0  3.4310
NL07T  1  0  4.0821
NL07B  1  0  4.2178
NL08T  1  0  3.2770
NL08B  1  0  4.4942
NL09T  1  0  3.7471
NL09B  1  0  3.2106
NL10T  1  0  2.8537
NL10B  1  0  3.7700
NL11T  1  0  3.9025
NL11B  1  0  5.5972
NL12T  1  0  4.1111
NL12B  1  0  4.3499
SV01T  1  0  -3.1362
SV01B  1  0  -1.4744
SV02T  1  0  0.0776
SV02B  1  0  -1.1178
SV03T  1  0  -0.7514
SV03B  1  0  -1.3381
SV04T  1  0  -1.4355
SV04B  1  0  -1.4044
SV05T  1  0  -3.1836
SV05B  1  0  0.2179
SV06T  1  0  -0.1186
SV06B  1  0  -0.4106
SV07T  1  0  -0.0927
SV07B  1  0  -0.1852
SV08T  1  0  -1.9558
SV08B  1  0  -0.2638
SV09T  1  0  -1.4593
SV09B  1  0  -1.2884
SV10T  1  0  -2.0899
SV10B  1  0  -0.0099
SV11T  1  0  -1.0611
SV11B  1  0  0.2698
SV12T  1  0  -1.8445
SV12B  1  0  -1.3619
NV01T  1  0  -0.3559
NV01B  1  0  -2.4826
NV02T  1  0  -1.8985
NV02B  1  0  -0.6075
NV03T  1  0  -0.7075
NV03B  1  0  -0.9545
NV04T  1  0  0.1858
NV04B  1  0  -1.7543
NV05T  1  0  -1.7453
NV05B  1  0  -0.9278
NV06T  1  0  -1.9488
NV06B  1  0  -2.0316
NV07T  1  0  -1.8933
NV07B  1  0  0.2357
NV08T  1  0  -1.9435
NV08B  1  0  0.1433
NV09T  1  0  -1.9792
NV09B  1  0  -1.0394
NV10T  1  0  -1.3737
NV10B  1  0  -2.2843
NV11T  1  0  -1.2157
NV11B  1  0  -0.9891
NV12T  1  0  -1.8704
NV12B  1  0  -1.1031
